000000 00000 00001 10000 00010 000000	64	SLL R16, R1, #2
100011 11000 10000 00000 00010 010100	68	LW R16, 148(R24)
101011 11000 00100 00000 00010 101000	72	SW R4, 168(R24)
101011 11000 00101 00000 00010 111100	76	SW R5, 188(R24)
000000 00000 00000 00000 00000 000000	80	NOP
000000 00011 00100 00110 00000 100000	84	ADD R6, R3, R4
000000 00110 00101 00101 00000 100010	88	SUB R5, R6, R5
000000 00000 00000 00000 00000 001101	92	BREAK
11111111111111111111111111111111	96	-1
11111111111111111111111111111110	100	-2
11111111111111111111111111111101	104	-3
00000000000000000000000000000001	108	1
00000000000000000000000000000010	112	2
00000000000000000000000000000100	116	4
11111111111111111111111111111100	120	-4
00000000000000000000000000001010	124	10
00000000000000000000000000000111	128	7
00000000000000000000000000001001	132	9
00000000000000000000000000000001	136	1
00000000000000000000000000000000	140	0
11111111111111111111111111111111	144	-1
00000000000000000000000000000001	148	1
11111111111111111111111111111111	152	-1
00000000000000000000000000000000	156	0
00000000000000000000000000000000	160	0
00000000000000000000000000000000	164	0
00000000000000000000000000000000	168	0
00000000000000000000000000000000	172	0
00000000000000000000000000000000	176	0
00000000000000000000000000000000	180	0
00000000000000000000000000000000	184	0
00000000000000000000000000000000188	0
11111111111111111111111111111100192	-4
