00000000000000011000000010000000
10001111000100000000000010010100
10101111000001000000000010101000
10101111000001010000000010111100
00000000000000000000000000000000
00000000011001000011000000100000	
00000000110001010010100000100010
00000000000000000000000000001101	
11111111111111111111111111111111	
11111111111111111111111111111110	
11111111111111111111111111111101	
00000000000000000000000000000001	
00000000000000000000000000000010	
00000000000000000000000000000100	
11111111111111111111111111111100	
00000000000000000000000000001010	
00000000000000000000000000000111	
00000000000000000000000000001001	
00000000000000000000000000000001	
00000000000000000000000000000000	
11111111111111111111111111111111	
00000000000000000000000000000001	
11111111111111111111111111111111	
00000000000000000000000000000000	
00000000000000000000000000000000	
00000000000000000000000000000000	
00000000000000000000000000000000	
00000000000000000000000000000000	
00000000000000000000000000000000	
00000000000000000000000000000000	
00000000000000000000000000000000	
00000000000000000000000000000000
11111111111111111111111111111100